@strobee:54,
@Saanic:92,89,88,137,79,24,
@daddydavid:28,
@xXpizzahunterquicksc0p3z380Xx:62,34,131,98,
@OrnsteinDragonslayer:32,13,89,131,148,151,113,143,
@Refuted:41,
@begum_R:20,66,54,65,142,73,111,68,80,38,113,28,77,96,131,21,89,86,
@newcoins4:
@Humiliate:28,
@smack:69,
@CringeyAnimeUsername:77,
@soulk33p3r6969:98,106,116,92,77,25,79,86,82,69,52,117,29,84,147,119,59,31,49,5,57,104,17,73,22,10,140,32,16,65,54,89,101,111,60,42,74,76,123,121,112,78,38,151,27,143,19,21,48,136,96,142,41,46,50,34,128,109,9,149,118,56,72,24,66,97,95,88,107,13,80,129,100,127,23,131,108,81,87,139,148,124,62,99,94,
@Tootietootordered:
@Baphomet:38,151,
@BigSwine:133,81,72,82,52,10,17,19,77,
@MoonRocks:87,38,79,113,130,89,108,123,131,149,80,
@po_momo:86,
@BannedForLife:133,17,111,53,
@Lgnotus:118,
@RiseOfHitler:151,79,88,113,111,38,92,59,81,41,72,126,122,50,129,97,47,29,96,131,53,54,55,16,104,98,28,27,13,116,103,18,77,74,
@hattedchimp:88,72,
@DaftPunked:80,119,109,6,59,113,108,129,65,91,
@Bufank:92,76,142,113,131,149,68,
@joffrin:3,128,112,73,87,25,88,91,100,47,81,94,24,89,
@petite:109,141,73,52,32,113,56,98,13,85,72,10,53,50,23,19,104,118,107,100,
@MuhDubs:140,138,104,79,113,87,97,9,
@robbyj:88,3,25,129,151,
@TheRooxo:52,25,77,
@homofag:66,
@eharmony:140,66,117,
@kingj93:54,32,
@emmahoppy615:103,66,78,112,142,79,130,31,55,
@FifthColumnConspiracy:98,60,109,85,112,
@depe_boy:18,28,76,34,145,9,112,126,77,148,149,139,3,79,133,96,128,143,26,6,80,25,54,49,89,131,123,107,53,78,114,50,22,151,127,31,51,91,84,55,72,119,21,121,59,82,86,83,8,136,42,135,65,110,101,87,73,108,24,66,137,94,97,99,68,88,142,48,12,57,47,125,85,111,38,117,150,103,92,
@ImmortalHD:,
@IKuroiI:27,79,54,52,29,25,151,143,
@gokusan12:87,62,96,83,78,42,54,103,97,130,94,125,59,51,48,3,55,73,142,50,111,149,25,18,79,68,119,12,99,26,113,34,107,144,108,117,145,89,20,80,57,9,6,128,65,151,122,76,124,38,135,112,139,49,
@YaaasQveen:91,116,46,13,54,68,81,
@PootiePoot:41,
@Incompetence:60,
@Owwrange:60,69,19,86,125,105,3,123,59,6,143,25,149,68,128,112,130,73,151,18,97,31,131,111,89,34,76,79,55,113,114,22,77,57,49,78,142,26,103,
@BlasserDuenerJunge:106,24,25,95,126,135,151,
@Official_Yubi:113,87,131,151,103,144,
@deadassheadass:96,25,149,9,111,143,76,116,151,82,38,80,130,113,142,
@hridayhs:28,66,119,76,130,97,149,143,80,112,151,108,59,87,6,128,131,103,
@summon:101,
@rpflightmyfire:,
@chris2k:49,55,79,118,101,60,114,133,68,
@tomsae:151,
@AnActualPotato:49,111,139,116,148,143,89,
@mudamudamudamudamudamudamuda:,
@Babyliey:10,96,16,
@NotYourHeylo:,86,16,94,
@Suicidalwhiteboy:143,6,149,151,
@MyGameIsSoLame:9,32,42,
@JoshaG:53,55,26,79,151,9,
@Abortion:88,79,
@SuchABeautifulLie:20,
@doxxed:69,
@volumizing:
@aradiohead:130,92,
@spoon:8,69,23,
@Billyaf:25,62,80,59,3,
@Aesley:25,104,
@throw:86,81,
@ShoziX:105,130,71,86,49,76,
@MrPooPoo:59,150,28,125,136,129,142,25,9,62,143,106,149,151,104,23,124,94,4,74,83,
@GreyGray:114,31,88,50,143,151,106,
@BrotherEverest:13,131,54,
@Penetrate:21,66,
@noswaD:129,81,143,147,103,31,25,149,79,139,
@basedmimikyu:6,59,9,3,34,151,94,130,104,144,25,57,113,62,127,83,82,137,131,142,149,95,10,141,136,76,112,106,126,80,143,135,146,68,65,47,79,118,77,84,108,16,69,60,114,99,52,56,19,124,140,81,32,27,116,96,21,88,86,98,138,29,107,73,53,23,129,119,26,
@Turmoil:13,
@cumza:52,133,
@cyborgbully:130,143,
@Bloatware:96,73,77,80,29,38,59,21,69,13,129,
@Daymanfighterofthenightman:23,72,77,3,123,
@sweatypussy:104,
@Falaro:77,106,80,98,
@ATTITUDE_IDGAF:79,
@schoolshooting:,
@VanillaEgg:3,149,80,103,151,113,131,143,
@pixieduck:74,7,55,27,25,
@Batman1995:69,79,109,60,
@EwWtf:111,
@Choco1212:111,34,62,143,129,79,
@KiraGod:27,32,
@cathdm:52,109,72,
@Awesomeguy1:60,
@muhDubs:27,88,79,6,80,
@twink:60,151,62,26,142,89,
@tarnation:149,
@Danielflytrap:6,130,97,151,3,112,34,
@pretend:89,103,9,123,26,86,79,99,3,111,52,96,29,98,65,60,66,133,139,
@Tacos:19,48,137,60,17,74,77,148,112,
@Mistreat:69,98,104,41,48,84,
@GEHFAGGOT:104,50,27,3,147,73,
@Mauro_onion:16,95,74,
@WuspoppinB:,
@Leafmealone:96,28,27,53,113,108,59,38,62,79,130,87,131,112,103,89,144,55,151,48,73,71,126,149,3,50,142,94,49,143,6,82,25,57,136,47,51,9,119,42,78,85,122,135,101,76,24,95,68,18,121,106,34,139,140,65,105,107,111,17,69,72,54,146,128,20,52,117,114,123,100,
@stop_stalking_me:103,110,88,77,130,112,
@DXNIEL71:73,88,96,91,149,
@MarkofShame:89,119,88,79,59,66,28,31,130,111,123,
@impurity:6,103,74,26,139,3,112,68,141,
@eggpriest:136,55,119,89,51,127,144,113,143,26,105,137,151,85,54,72,25,66,118,96,117,80,116,27,16,111,128,50,52,31,124,95,19,62,24,76,109,
@Okitoki:47,55,66,
@T3ARS:68,
@ParvnotPerv:130,31,68,9,89,76,143,59,
@MischiefManaged:21,16,59,
@telethick:41,66,117,118,110,52,
@Seinen:82,25,59,68,97,89,131,28,
@Nickersbar:79,55,59,123,87,6,71,76,130,97,28,53,141,124,31,68,148,139,18,80,73,112,135,136,131,34,143,125,103,89,113,3,108,
@inx_dorsett:118,
@unreliably:10,131,59,137,146,151,13,130,23,19,16,27,89,38,80,142,149,112,113,94,41,96,46,49,79,32,133,34,148,108,123,12,143,
@Punked:137,6,143,119,
@favoritism:116,
@GenuineSnake:29,23,66,79,94,31,88,
@Fuck_off_xoxo:86,74,88,59,148,25,38,
@Sfoloz:89,112,
@booth:27,12,69,41,
@FIirt:113,
@PATXS:104,22,26,17,111,88,
@LowkeyWannaDie:27,28,143,31,89,113,123,59,68,130,
@fierce:42,83,71,
@moist_anne_frank:79,17,25,21,52,53,78,110,107,2,141,80,138,85,112,89,131,55,151,97,133,9,24,88,49,101,26,42,6,124,136,66,28,68,111,129,106,149,130,59,148,73,
@Lemoneal:28,24,137,113,3,38,124,55,73,119,
@Nahbruh:21,
@DiceMemes:17,126,111,108,25,38,149,59,131,135,
@disregards:72,54,136,135,17,151,76,10,77,52,22,32,94,118,69,88,133,13,137,98,
@IReallyWantToDie:131,80,89,59,
@Mikecheck123:129,29,139,113,111,118,69,23,10,13,27,16,52,21,88,86,100,48,74,54,84,72,96,59,
@kikgod:60,47,25,97,3,87,106,149,108,
@Cravings:27,72,
@Nudies:109,100,27,50,
@OrganicNut:104,
@potcast:41,95,31,80,55,
@Hentaii:38,80,133,6,
@Weaboo_DarkNES:131,113,129,151,
@jabstep:53,143,149,
@GYGABITS66:131,73,6,123,151,142,
@Iambathman:27,
@coon1:149,143,59,123,128,131,9,6,68,
@RavenclawMuggle:19,84,46,74,52,21,28,86,13,59,118,135,
@Skythefox1:51,26,103,
@praviiin:69,25,
@heavilysedated:10,79,
@CUZISAIDSO:103,96,142,151,80,
@Hoopercross:129,79,25,68,131,151,149,112,130,
@JewMemes:147,124,17,143,
@Brownieboi:21,130,123,42,112,79,6,59,107,135,97,
@ISoIemnlySwearThatIAmUpToNoGood:79,27,94,86,66,28,97,112,88,87,22,103,151,59,124,72,68,25,34,9,131,119,108,149,26,111,6,142,24,71,49,73,113,150,3,141,76,122,121,
@NiceMemes:114,151,149,
@Ldalvik:87,
@robwhite:96,60,
@BrandonAaron95:29,26,118,25,50,55,3,42,79,108,111,151,34,87,143,21,113,59,60,81,57,92,69,13,84,109,10,98,68,116,149,89,66,129,123,94,32,72,23,74,119,19,20,48,88,101,6,38,104,82,100,137,117,77,16,99,107,18,96,24,17,135,130,7,
@Seneth:4,27,19,41,126,28,23,
@jokedealer:42,149,16,128,49,55,26,38,119,73,25,
@AbortedChild:149,112,103,146,131,80,89,151,68,31,59,78,55,9,6,34,57,18,117,111,79,91,124,142,65,42,12,62,87,130,13,84,100,50,72,10,88,22,32,60,137,126,
@MartyMcFly101:66,
@Spic3s:,
@cum_rag:99,23,
@TheChrisss:104,21,